label,qname,family
1,bujynaslvjlmf.com,ramnit
1,lyhggcqelikfigrbnxo.com,ramnit
1,wvwrfkjaaorsi.com,ramnit
1,fxophxmrry.com,ramnit
1,jrchetpwr.com,ramnit
1,sikeweksqjuvlwif.com,ramnit
1,jifgmeoa.com,ramnit
1,aarbvsrdnhhidhwk.com,ramnit
1,vbtwrlpdfbcvqgrfxa.com,ramnit
1,wgbwkgaccyaebgdgn.com,ramnit
1,xourlwsilknsdub.com,ramnit
1,wqebvfqhvdwd.com,ramnit
1,ifshcrwujqprjwuwt.com,ramnit
1,rkkdcqeyqjxwjh.com,ramnit
1,lpjovdyw.com,ramnit
1,duperscgvkhcsmvioj.com,ramnit
1,yephjhhcg.com,ramnit
1,qpogatfqduvbkiusgba.com,ramnit
1,mxicrfesqlk.com,ramnit
1,xqfqftrtkdxdi.com,ramnit
1,nsykdidxuwb.com,ramnit
1,vqojfcqpjj.com,ramnit
1,ktsmavdrwbwpwwb.com,ramnit
1,urjpwtnytfyiaaly.com,ramnit
1,mkyjfumsg.com,ramnit
1,xfqtdsyao.com,ramnit
1,ploowsethqb.com,ramnit
1,yogtmphumejfhm.com,ramnit
1,xkfkhlwxmy.com,ramnit
1,kowbffditlc.com,ramnit
1,xpjbivtu.com,ramnit
1,hpujpcor.com,ramnit
1,ilgxvmhyrctwwysk.com,ramnit
1,ttgfetosrtl.com,ramnit
1,qajwwqigguti.com,ramnit
1,umuyrsufev.com,ramnit
1,ohefdigik.com,ramnit
1,ovdwxxxocsrqrtks.com,ramnit
1,ryfgpvevpka.com,ramnit
1,uvefviuphhf.com,ramnit
1,fqxonymdkdmjjfceuf.com,ramnit
1,hkdagrtomfuev.com,ramnit
1,hwlfiogofk.com,ramnit
1,fubyinbemwdbmsmcx.com,ramnit
1,jfeqjilnipoo.com,ramnit
1,msdsspdwrtmjjjrgeew.com,ramnit
1,rijyjgrqrod.com,ramnit
1,lfqvgmphn.com,ramnit
1,gyjijwyrhwyugui.com,ramnit
1,atiuttvaqr.com,ramnit
1,yqrwuvrmdm.com,ramnit
1,kvatwlahufvbp.com,ramnit
1,bimwsgjobxy.com,ramnit
1,bolhfiib.com,ramnit
1,uqvhgvxqyx.com,ramnit
1,ifgtsityicsorj.com,ramnit
1,jqkklgtmcxuviclt.com,ramnit
1,etndoesvvjd.com,ramnit
1,ynyuhjvcpvpmnhrx.com,ramnit
1,qvmmheinjjwj.com,ramnit
1,joeqoghnbxmm.com,ramnit
1,vbphpogau.com,ramnit
1,mgmbetvsyql.com,ramnit
1,thshgnnmcdo.com,ramnit
1,lvfhqlpkrs.com,ramnit
1,pqcbkswg.com,ramnit
1,hgdcowbyemashvh.com,ramnit
1,cysokclgio.com,ramnit
1,pkgjbvgr.com,ramnit
1,rkaleucsbcgios.com,ramnit
1,ttooskurwnhucbgixkn.com,ramnit
1,ibhdipegxg.com,ramnit
1,xeyweqvrxydrnjy.com,ramnit
1,gdpvanievtfk.com,ramnit
1,cvefmvaueeuiu.com,ramnit
1,mhubfcawatttxmrl.com,ramnit
1,imyxaeatsikwa.com,ramnit
1,cgktshdgxwgkyccfxm.com,ramnit
1,bxolbpgbxdpisrol.com,ramnit
1,ciwmaspbteeirepycrm.com,ramnit
1,nioevvpjqk.com,ramnit
1,bvvleuulluidofki.com,ramnit
1,eexgbhxb.com,ramnit
1,jywknpwemfetpdsp.com,ramnit
1,whktloxjgvi.com,ramnit
1,yeuwrkrathil.com,ramnit
1,dlbmneecqbdcospbvoi.com,ramnit
1,yfdfhcrt.com,ramnit
1,jtibkdpetptwpoifa.com,ramnit
1,pnvtaugahm.com,ramnit
1,rvcqfosjdaiaep.com,ramnit
1,lhwvymtmwqy.com,ramnit
1,jabpdklxymuks.com,ramnit
1,fwiovtyuedcfojdty.com,ramnit
1,dyrlyxvwucnonyobmwd.com,ramnit
1,ycmqvjevmxq.com,ramnit
1,mmbuliekngswnwpmykg.com,ramnit
1,ehnvktmgmnjdtoywxua.com,ramnit
1,ixgykoayaejhosh.com,ramnit
1,pcgthpyxi.com,ramnit
1,lonvpseym.com,ramnit
1,qllfycsrogsfekvu.com,ramnit
1,ccgpdwytrx.com,ramnit
1,hcdotnnrisuuff.com,ramnit
1,tvucogcc.com,ramnit
1,tmitkxrbpjlhu.com,ramnit
1,kcvbeyfutu.com,ramnit
1,lcsvaxirwbubid.com,ramnit
1,occyrxcssyjpwps.com,ramnit
1,erxtrvwrsodn.com,ramnit
1,vkhwchfmanhqlcaommt.com,ramnit
1,uhlcnfpctmeqryg.com,ramnit
1,lakhunglqygrscoblfo.com,ramnit
1,itluiragqxc.com,ramnit
1,bbrwoefbvypexvobt.com,ramnit
1,ixsfcmvsvd.com,ramnit
1,fuqculcpeaavgbou.com,ramnit
1,fajsumxlr.com,ramnit
1,jirtjjugnqarpnf.com,ramnit
1,axxgxyoqynalywybc.com,ramnit
1,igmloopyu.com,ramnit
1,torwllia.com,ramnit
1,jstalanelarsplk.com,ramnit
1,hymovhvja.com,ramnit
1,wuqmrfkdnwwxcjcrmlq.com,ramnit
1,yclbsrwlggfimpjouoc.com,ramnit
1,jmmmictcxsqaon.com,ramnit
1,hbgbwckeusa.com,ramnit
1,odxbhllupwqmvir.com,ramnit
1,hvdovbmagwjyrqtqll.com,ramnit
1,wclumcmobwuftxg.com,ramnit
1,loxaryenacjrdi.com,ramnit
1,ieffddjejffrdgm.com,ramnit
1,mfuljlwaq.com,ramnit
1,xlwbtrqewipm.com,ramnit
1,wfxlcmuftg.com,ramnit
1,knrqakilym.com,ramnit
1,dixgukee.com,ramnit
1,ailpcqtts.com,ramnit
1,vnupgtnjirardqb.com,ramnit
1,vfawmvxwtuiyhadpb.com,ramnit
1,ixlxyiqblukmc.com,ramnit
1,ractophb.com,ramnit
1,sfknlrwh.com,ramnit
1,dwyiokjrwouowyvybcf.com,ramnit
1,rbtlmousw.com,ramnit
1,rkdacwwbycyymx.com,ramnit
1,cklauuhrprj.com,ramnit
1,uinhmvueqwkqjqp.com,ramnit
1,mylcnkmawnora.com,ramnit
1,xmwgeuhw.com,ramnit
1,psownjuedveujgudbv.com,ramnit
1,cnxwvxrbumfxoyons.com,ramnit
1,fuoxbjmumrruueexf.com,ramnit
1,pufekcmvvicfmt.com,ramnit
1,gvkrxyxsnwq.com,ramnit
1,vvhwghjkwvfs.com,ramnit
1,omvwxarkfkkax.com,ramnit
1,ibyaveyc.com,ramnit
1,pqwrpmeoqrabgxo.com,ramnit
1,antlyflw.com,ramnit
1,vrxdgmmhtqqneaq.com,ramnit
1,uiewdfjiaj.com,ramnit
1,jreeavcbooys.com,ramnit
1,hhbgvabjfglv.com,ramnit
1,iqafbkysct.com,ramnit
1,synnbnloylvdgjcoie.com,ramnit
1,stnubedvsgbjsxupwiw.com,ramnit
1,vglpfxbttoi.com,ramnit
1,otedfpwjrhcyo.com,ramnit
1,tkapxxrsj.com,ramnit
1,xgdqwjcpq.com,ramnit
1,taothslbjbir.com,ramnit
1,etntyurrn.com,ramnit
1,fblxjapyyna.com,ramnit
1,qaejnufolr.com,ramnit
1,moswcmmof.com,ramnit
1,vhmehenmsxex.com,ramnit
1,tkrukdjphf.com,ramnit
1,bsakmkrwy.com,ramnit
1,fduuheddfmanxfopijo.com,ramnit
1,ovexevody.com,ramnit
1,whcxnxlitcpkhnc.com,ramnit
1,bblnreojyrrkmlbxmkv.com,ramnit
1,mfpnudeofldilk.com,ramnit
1,rrqemlefipkqhu.com,ramnit
1,vvgyfiuswro.com,ramnit
1,kyjmrfddb.com,ramnit
1,mophbhnpkjhfk.com,ramnit
1,jehnpgknnenug.com,ramnit
1,ttbwndodidmphbl.com,ramnit
1,evgvmurelevi.com,ramnit
1,yarbqumrgxgrd.com,ramnit
1,lwanxwdbqtmp.com,ramnit
1,wdmlluhpboudxgkalx.com,ramnit
1,mvfokwdyvk.com,ramnit
1,dlaxdstwa.com,ramnit
1,njrifilbpji.com,ramnit
1,yccikgtt.com,ramnit
1,nlmcsripf.com,ramnit
1,rciphparp.com,ramnit
1,nfoscvqvhwjedoc.com,ramnit
1,cssjwsmewowvlrgrun.com,ramnit
1,krxlbbmdtd.com,ramnit
1,sdmwkssqsfhabsfskby.com,ramnit
1,apgiwlhnkurycdddd.com,ramnit
1,fnexpxuwtgq.com,ramnit
1,unxqqlpqhxjhlwuwwg.com,ramnit
1,ltmrholjyeqdrrnvye.com,ramnit
1,xtexkcyu.com,ramnit
1,rsqtiraamots.com,ramnit
1,ntwqnnmbewbd.com,ramnit
1,pfubqycmiu.com,ramnit
1,vmoqbywuksyfvpkgbin.com,ramnit
1,ebncrlfghmmvf.com,ramnit
1,pgmljooxd.com,ramnit
1,xxcledvo.com,ramnit
1,lgpjsypnyjwxddldc.com,ramnit
1,smfljhprslwd.com,ramnit
1,rfrbvcjqy.com,ramnit
1,bxdmeeruyckmlavbiu.com,ramnit
1,cofqykgwigurnn.com,ramnit
1,qvbllwvnwgybjg.com,ramnit
1,crhfqamqdttxmnf.com,ramnit
1,dqlfgpvrjq.com,ramnit
1,ymjwgvtvlsps.com,ramnit
1,fupkhjqkiberjbjk.com,ramnit
1,iklluwoyo.com,ramnit
1,gtrpporifhkssgkrv.com,ramnit
1,yvpywlcvsvkpqrg.com,ramnit
1,vwmmpnut.com,ramnit
1,yxxwammypnvlthoig.com,ramnit
1,xbtxboekcaxtymuhi.com,ramnit
1,xsmkbmvk.com,ramnit
1,toitlnqlpbc.com,ramnit
1,cefsinlaqkqfouqneaj.com,ramnit
1,icqqqwqhmnmgcgl.com,ramnit
1,ebghgvanqqvqmvedj.com,ramnit
1,gipfkopqrisk.com,ramnit
1,eombxygpafcgnhmnou.com,ramnit
1,axjuhtfhr.com,ramnit
1,tfnnfmqfnf.com,ramnit
1,fejecyidswkslvjp.com,ramnit
1,qiyajuam.com,ramnit
1,sqvvbexasvowplfbiu.com,ramnit
1,igqxtqit.com,ramnit
1,gaderjfdetlejbga.com,ramnit
1,oxlqjksfdjslt.com,ramnit
1,nqpadyoupibbrbqodn.com,ramnit
1,mifwpjnoxdkca.com,ramnit
1,kvaufwhgtw.com,ramnit
1,klyrryyapc.com,ramnit
1,kkuhqfalftlpnrw.com,ramnit
1,gswurmrinbklnka.com,ramnit
1,suthedsrtvw.com,ramnit
1,nejyvdjyep.com,ramnit
1,novxmupfbsosfjfs.com,ramnit
1,axkttrelrdhxfiqns.com,ramnit
1,yoycnuwprxgsaxoxxf.com,ramnit
1,vtisjhgfc.com,ramnit
1,mygbldpk.com,ramnit
1,khrxbevgvjo.com,ramnit
1,mryxjkpawpmnbcyuf.com,ramnit
1,hodygemtxfepjmn.com,ramnit
1,hxtxnjmbgdckf.com,ramnit
1,ndeyjpnlnlvme.com,ramnit
1,meoemawnjqkpcccpsit.com,ramnit
1,aidngywuwig.com,ramnit
1,mxwevqhlhlv.com,ramnit
1,lsovyeywjymie.com,ramnit
1,xlbkvwek.com,ramnit
1,oyjrxetmfb.com,ramnit
1,nfolgqamp.com,ramnit
1,dxutoawowpdot.com,ramnit
1,emcgcwdreciqbnbgnw.com,ramnit
1,eobforriehnybv.com,ramnit
1,eikvpxyuasecttfc.com,ramnit
1,wbvseairyin.com,ramnit
1,xylkcjys.com,ramnit
1,pfktlytshu.com,ramnit
1,aggndhpbnfee.com,ramnit
1,yhyaopypgn.com,ramnit
1,hkqvxxcmyjxhoocqlee.com,ramnit
1,sdpkclpjh.com,ramnit
1,bfcrwkntkqnwcpn.com,ramnit
1,uwohcuwunaajm.com,ramnit
1,dptvbiret.com,ramnit
1,vejmkksg.com,ramnit
1,nswbwutib.com,ramnit
1,khjdfvacbslknrrqy.com,ramnit
1,laidwgmmpbwhvo.com,ramnit
1,svsduqsheihvkf.com,ramnit
1,sydwrahag.com,ramnit
1,qnqiigkctwyt.com,ramnit
1,nounrikbejsjo.com,ramnit
1,wvibhmopg.com,ramnit
1,xjcrrhqmbfeygjjalt.com,ramnit
1,bvmtisumcvipydwumyv.com,ramnit
1,qyseovejavjcu.com,ramnit
1,tcpaxbgxovgg.com,ramnit
1,wtgygohedkhleccst.com,ramnit
1,jeqqgcbivwnhpuuijeh.com,ramnit
1,xessqbtlvmnvgupc.com,ramnit
1,bnpyiwxhwaxmkosfbdw.com,ramnit
1,pdajevajceretw.com,ramnit
1,tpbbdmbmuxyg.com,ramnit
1,mkvibqatm.com,ramnit
1,vidmkklbv.com,ramnit
1,jkaqtywndswvirtmuv.com,ramnit
1,bqoljtsykwiyey.com,ramnit
1,bbhxaygmded.com,ramnit
1,ggkingxwhsu.com,ramnit
1,sbpcpbefnrhanucadb.com,ramnit
1,teaqammlpbtagktv.com,ramnit
1,blwoueeywhef.com,ramnit
1,iavaqsllqrvqrrq.com,ramnit
1,qptiepxaubvd.com,ramnit
1,thtdxcqhvqgghbv.com,ramnit
1,lljwiwvsyp.com,ramnit
1,xkedbbwok.com,ramnit
1,gwlfeeaswlstgikja.com,ramnit
1,ejkxxtanoeuhkutjdya.com,ramnit
1,etsgeuhyan.com,ramnit
1,rxgjcjudqocylqgjcfo.com,ramnit
1,krpsorwkihccytwmg.com,ramnit
1,rumtdwmngcyilg.com,ramnit
1,gohcrbypocvsxgeeey.com,ramnit
1,yrqdtbrlynbrwklekbu.com,ramnit
1,lwwbnhcugiy.com,ramnit
1,aqbqceyqnbfdditmdb.com,ramnit
1,mqhxqteaqpsjayv.com,ramnit
1,coicxnyhjdnbvsta.com,ramnit
1,vdyprsbheve.com,ramnit
1,kfiddgopefqybrk.com,ramnit
1,kjtwfrccx.com,ramnit
1,xtwbabmugp.com,ramnit
1,wpmuifvtrinlqrburm.com,ramnit
1,xqwnhwldadvfnwc.com,ramnit
1,hcckydlisc.com,ramnit
1,jeoakgmlbpcnmjtrceu.com,ramnit
1,hdosnyjy.com,ramnit
1,stbmglmkhqvonupbar.com,ramnit
1,amkugapcjaolixjiabm.com,ramnit
1,vwjdrvfwimqkvraje.com,ramnit
1,hcdhlpccufoxqbd.com,ramnit
1,dugtggssaemjc.com,ramnit
1,ucambihdjuicsrialy.com,ramnit
1,yknrdhiivhlk.com,ramnit
1,htslxkkrf.com,ramnit
1,htjstcssesow.com,ramnit
1,whdlbqrwdjjaeldk.com,ramnit
1,ueosolxkciqyfccrd.com,ramnit
1,jswtvtld.com,ramnit
1,khcquovoljenwtocg.com,ramnit
1,aygimsxrbu.com,ramnit
1,bmvapwxhkboofurfiw.com,ramnit
1,kyqndvdlxx.com,ramnit
1,xdbixkbyyssuanli.com,ramnit
1,hrtrjoye.com,ramnit
1,oduvdcvju.com,ramnit
1,nbeieklqf.com,ramnit
1,qcwhsjkbowvlmy.com,ramnit
1,pdiuvmlf.com,ramnit
1,eibyflbyuqnfaaa.com,ramnit
1,vsqslbptihcnhlqgj.com,ramnit
1,odgvdvmj.com,ramnit
1,xsaapbalfces.com,ramnit
1,jeoqyrjja.com,ramnit
1,lxergfey.com,ramnit
1,isgpcwqdtf.com,ramnit
1,cqcjachsvjor.com,ramnit
1,efjwfwuxrahcsecqjah.com,ramnit
1,pelnenkrsnln.com,ramnit
1,ixkmcofixiq.com,ramnit
1,lwwjiqbyhte.com,ramnit
1,urveqqacsu.com,ramnit
1,jiqcjaldk.com,ramnit
1,mlfwmwwvxsunytj.com,ramnit
1,nsbthfgyngpoheht.com,ramnit
1,apnxiunumdgrtw.com,ramnit
1,ahstfouqbi.com,ramnit
1,jlbosvdsbrauis.com,ramnit
1,gajgsvsiuny.com,ramnit
1,qgquupefvcugkr.com,ramnit
1,afmqrmxynnufttmvhm.com,ramnit
1,schocftcsximyvqft.com,ramnit
1,kfecepbd.com,ramnit
1,ajqmgsklhne.com,ramnit
1,srwlrvqnpqfpc.com,ramnit
1,hwnrwlcpdriyavld.com,ramnit
1,njwotufa.com,ramnit
1,kckikjvwfxhkiqukfl.com,ramnit
1,lexigiedayf.com,ramnit
1,uedjyetiiw.com,ramnit
1,wkjupuakwnifmxpkjm.com,ramnit
1,ftrmdgfqrfr.com,ramnit
1,nneojusaibsdexgtegp.com,ramnit
1,bskshsdf.com,ramnit
1,sdvkejacie.com,ramnit
1,tctwmaim.com,ramnit
1,fnhmpvqywn.com,ramnit
1,ncaltftntvmirnv.com,ramnit
1,djylycaiedcjgepxm.com,ramnit
1,bwrkvsibwsgibq.com,ramnit
1,ujsmjqkdvrb.com,ramnit
1,hncsbckmy.com,ramnit
1,eryndphihudntefp.com,ramnit
1,rrirkqhppeklnkiysom.com,ramnit
1,scikhjrevr.com,ramnit
1,agxlvnxjnqi.com,ramnit
1,yfusigqctl.com,ramnit
1,sbqlhceodqdub.com,ramnit
1,krnjperbilb.com,ramnit
1,fsowtxgvcdc.com,ramnit
1,sfxmuommqxbydlpfafn.com,ramnit
1,arbipjpcqqbkrtasdg.com,ramnit
1,qfnuflmiq.com,ramnit
1,oundvhupsvcwdap.com,ramnit
1,eymaoxrnxwuea.com,ramnit
1,opldsnacvteicqiitj.com,ramnit
1,gahabosjfpjlcvwd.com,ramnit
1,tbrdydafjnyp.com,ramnit
1,xtexyjuthpotd.com,ramnit
1,fndpwfaeet.com,ramnit
1,nrmlnrbhaiinecpmwq.com,ramnit
1,jkgdlisp.com,ramnit
1,fdkkvdwgmlkae.com,ramnit
1,mefyffkgjwacqesa.com,ramnit
1,nlrrtdcspsfkakhmy.com,ramnit
1,xycpgbduminmx.com,ramnit
1,lpcckepsqibblx.com,ramnit
1,efxcyoflhdmgquwmpc.com,ramnit
1,akwolkgyrmihlk.com,ramnit
1,yexhymxvtbphogcd.com,ramnit
1,srtrvrsmav.com,ramnit
1,aifgsrapnfqdabetcjy.com,ramnit
1,uptupamyxhdcqacrobw.com,ramnit
1,vipsbatul.com,ramnit
1,eckubekahstkpg.com,ramnit
1,ekavjkrsevueamkbe.com,ramnit
1,lcdxshsreituuo.com,ramnit
1,tsnwsldsl.com,ramnit
1,mrmwmyoxkwv.com,ramnit
1,bevkqvqryobsuemywmr.com,ramnit
1,ggcfcwsb.com,ramnit
1,myobykcgyl.com,ramnit
1,difnqsddxenuqoh.com,ramnit
1,ebiblncy.com,ramnit
1,mwwmwcidnaeq.com,ramnit
1,rjigaqsfdvvdhlryb.com,ramnit
1,cwsifsxluwjqqco.com,ramnit
1,ttymeonfk.com,ramnit
1,qxpmtrcmtu.com,ramnit
1,nfhssfvlwss.com,ramnit
1,plgscsiersfdcw.com,ramnit
1,chputngdbbpbkgwx.com,ramnit
1,wcxopfpiaafb.com,ramnit
1,ihyxamuqhwmoky.com,ramnit
1,bqjhmajkekylvfxg.com,ramnit
1,qqucitbsfogcmk.com,ramnit
1,romnemiarl.com,ramnit
1,vdjkksjkdkbdp.com,ramnit
1,oostfxkcsnsc.com,ramnit
1,qighvycll.com,ramnit
1,eglitswysbmbs.com,ramnit
1,hgafqbqvcenaqiqb.com,ramnit
1,bllgwqkruxdeqf.com,ramnit
1,vpqakswapekmti.com,ramnit
1,ogvudtopxvvuapdaac.com,ramnit
1,mfdawvfexoneql.com,ramnit
1,dilnaowwqsmtmcteicc.com,ramnit
1,tdedevaxngxutqfiri.com,ramnit
1,byrfbdvnwxopvawkm.com,ramnit
1,imvnxuhlrrnun.com,ramnit
1,mxfisepjymvaclkxoln.com,ramnit
1,cinqcuemard.com,ramnit
1,oywldglmfacjpgce.com,ramnit
1,vqisatfqwvf.com,ramnit
1,hmlbseprlos.com,ramnit
1,hdrdadpjtfk.com,ramnit
1,rsupdbqoko.com,ramnit
1,pbcxypffxsulxri.com,ramnit
1,bompfddejbqtvoylwlh.com,ramnit
1,igqxvneybmk.com,ramnit
1,befruxixr.com,ramnit
1,gdudrldaxjfyctcu.com,ramnit
1,vbmwegciyloaepvs.com,ramnit
1,xrehnwsvl.com,ramnit
1,gnutiliaxkgqglm.com,ramnit
1,kqasfnbxcjrryu.com,ramnit
1,bwldbvrwsjuamocqytq.com,ramnit
1,mwkcsqcgeapkhn.com,ramnit
1,ogdfibqgfrrnh.com,ramnit
1,khvlgakdcqeh.com,ramnit
1,wdgnfenqinxbf.com,ramnit
1,thpblbjf.com,ramnit
1,cqqjulkhsmjjewjem.com,ramnit
1,sevvriabqjlscel.com,ramnit
1,vjovupal.com,ramnit
1,hisfulcltduvst.com,ramnit
1,pbusaehjie.com,ramnit
1,erviymtjirmf.com,ramnit
1,ktmdbgbgprjdqafs.com,ramnit
1,oinxvgnkudfmcnwpd.com,ramnit
1,trnyssacbxnhjt.com,ramnit
1,idijhfgwdrtjymwn.com,ramnit
1,lqtedfvalpspdrlwtg.com,ramnit
1,svuencxioanhkmt.com,ramnit
1,fxngitvgntqyxuch.com,ramnit
1,kgtmsxevgfyps.com,ramnit
1,mefwgytbdrw.com,ramnit
1,corottvjhksf.com,ramnit
1,uokhokpaewswb.com,ramnit
1,dkcysdccbxpfi.com,ramnit
1,kiuiiujkmoom.com,ramnit
1,brfxhaducxqifauxag.com,ramnit
1,vmywgmnhj.com,ramnit
1,vggwkqsyxgfrcpssh.com,ramnit
1,ojtetvxejrhlvufvm.com,ramnit
1,uvjykqovvsadt.com,ramnit
1,lkkjjgxhgqdafoprlfh.com,ramnit
1,teqqauocsghncx.com,ramnit
1,jivkkrkuuudfqc.com,ramnit
1,ujucfruvxbiglugqckg.com,ramnit
1,yymxwdfdr.com,ramnit
1,ivsodqfgcycuexes.com,ramnit
1,nbxqspwjegcai.com,ramnit
1,vuoughgqrstd.com,ramnit
1,xwtabpvovvuvdmtg.com,ramnit
1,pljqfihfv.com,ramnit
1,nqsrwmvea.com,ramnit
1,yeohbihcucypxpnyx.com,ramnit
1,klemhxsbciuanjxweo.com,ramnit
1,bwcfholo.com,ramnit
1,iepkptrxpfbincshfmo.com,ramnit
1,ttgvmrrr.com,ramnit
1,krqjfcosutcs.com,ramnit
1,vrfrxeusvhotde.com,ramnit
1,ybxaipqfx.com,ramnit
1,daygwnhhcxiioqk.com,ramnit
1,hiavwpynngor.com,ramnit
1,ejapuphlkfa.com,ramnit
1,qwyyswqkn.com,ramnit
1,wxphoiudmhex.com,ramnit
1,unsrihcfavbei.com,ramnit
1,cenbvgau.com,ramnit
1,suqyiluctvssrddkhp.com,ramnit
1,nclcityln.com,ramnit
1,hmulwrivsaqscq.com,ramnit
1,nkxiynlpvjdh.com,ramnit
1,hkgnupxvgwdua.com,ramnit
1,wtmyswhqym.com,ramnit
1,leffurkxyctj.com,ramnit
1,ivciyivfvxaqvshsdn.com,ramnit
1,lbbengqo.com,ramnit
1,uyykrojwsn.com,ramnit
1,ffnaobqg.com,ramnit
1,vdduwjsbndfq.com,ramnit
1,nntmvvxdvoqjmikl.com,ramnit
1,lgwjgcgd.com,ramnit
1,ckvcnkqaewbdsd.com,ramnit
1,puwmbxxwcyniq.com,ramnit
1,vqptkdqibabdwmxf.com,ramnit
1,psawytlwe.com,ramnit
1,slnshrycdlyfapu.com,ramnit
1,bwojsxjbyye.com,ramnit
1,efrkfyluguncbpu.com,ramnit
1,mxuaaunbf.com,ramnit
1,ijrhnwiqjk.com,ramnit
1,xubnowqdhkayoeuae.com,ramnit
1,hmbcifksrqugayad.com,ramnit
1,bfkcdepanqitsmivbba.com,ramnit
1,jtdeovjmufrpw.com,ramnit
1,pyakpjgjrjqinuv.com,ramnit
1,kcxoytodrp.com,ramnit
1,uorfkjsic.com,ramnit
1,xinewuaittgvgufdhwt.com,ramnit
1,rahgoyuimxpnhs.com,ramnit
1,xjqbhkxuncxuplwxkya.com,ramnit
1,lonrukfdigoy.com,ramnit
1,xkofesjnnaj.com,ramnit
1,rpjubiilubtesqn.com,ramnit
1,ajbehpadsw.com,ramnit
1,tbbmqhpqmaaobkyabeh.com,ramnit
1,ftpvnybtgovy.com,ramnit
1,lwlutohy.com,ramnit
1,qfaxodpidvrkahki.com,ramnit
1,ivbjfkyfd.com,ramnit
1,yuiqwshyermjbdqrdu.com,ramnit
1,jrbqcwfajxcha.com,ramnit
1,jghnteyxjfowq.com,ramnit
1,lwkolyiuholrntxmr.com,ramnit
1,adtodoupqmcvbrt.com,ramnit
1,lhmataeixmmil.com,ramnit
1,vmlciybnxumsgymotxl.com,ramnit
1,jewfdccikaiptwm.com,ramnit
1,hkdueceihqct.com,ramnit
1,tqtmtufun.com,ramnit
1,pdejbvxmg.com,ramnit
1,wyqcsfuduynihvw.com,ramnit
1,lvnlyodca.com,ramnit
1,tscsfnkvbixuiaklae.com,ramnit
1,bwlblrquedsvwh.com,ramnit
1,riondhaspgn.com,ramnit
1,ydnbiomshtnveorpp.com,ramnit
1,ugiwarpwgivdrnit.com,ramnit
1,hcpqbklluybgr.com,ramnit
1,wyltonpe.com,ramnit
1,plkjvyjakubfqgmoh.com,ramnit
1,qvucfxpcreoovydn.com,ramnit
1,pyukrhxjo.com,ramnit
1,rixxfjlqrwycyev.com,ramnit
1,xpphyudgggaogvbmva.com,ramnit
1,gkkflnylfdgskwmq.com,ramnit
1,fylsdrdmdviksbweqvt.com,ramnit
1,xtuycsdon.com,ramnit
1,jwqdihacjyvk.com,ramnit
1,fdpkonit.com,ramnit
1,vmcvbomarsn.com,ramnit
1,gpqtjhuyxcgvwarscnh.com,ramnit
1,xpctsxfsngiiyyclnm.com,ramnit
1,xcqtgpax.com,ramnit
1,pmhepcrfce.com,ramnit
1,afpayucgwac.com,ramnit
1,jbmbmrjg.com,ramnit
1,mmxygmsecocsnpmj.com,ramnit
1,ltqghmgidgm.com,ramnit
1,ktwwiopjneisdjxkb.com,ramnit
1,ivfyhlsvpxvrujnyndw.com,ramnit
1,uabmxsqkqub.com,ramnit
1,navgrkleuxyaocv.com,ramnit
1,ofgibgvh.com,ramnit
1,bhqfisqderg.com,ramnit
1,bhycowfcqabpbeim.com,ramnit
1,agwswrpybhhyqc.com,ramnit
1,uhbqpjvwbkqx.com,ramnit
1,deeqkyvrxy.com,ramnit
1,asboaqnafawru.com,ramnit
1,fuylplrkkqbuqbpm.com,ramnit
1,fqqiwxyjsshow.com,ramnit
1,rkagehwnk.com,ramnit
1,nhqavhhegpejwp.com,ramnit
1,mbibgiesyjliyqje.com,ramnit
1,rdtyfftkny.com,ramnit
1,mglovrrskp.com,ramnit
1,jyxknqqdfikqvfoyn.com,ramnit
1,wysqcdkmqb.com,ramnit
1,jpiyvvikajhgag.com,ramnit
1,cmcrjrdwhulsq.com,ramnit
1,oqhevsrnfavql.com,ramnit
1,ecmcxcgwpvd.com,ramnit
1,iqfyjfprohjjleukwj.com,ramnit
1,lnqgtbgibw.com,ramnit
1,duputfjhldso.com,ramnit
1,bxqsxyiluhfugsmrq.com,ramnit
1,yepiqwxhiq.com,ramnit
1,nyhycksdydtwfwtfrgk.com,ramnit
1,qpvxqidsfyfuvqat.com,ramnit
1,cmsacnasfqfaeeni.com,ramnit
1,mrsaxofspys.com,ramnit
1,uurgnbnsqhxwqa.com,ramnit
1,ugiannwsssjkt.com,ramnit
1,vrbshvkreluurwsia.com,ramnit
1,vvsdgjqrlspvpdd.com,ramnit
1,fcclblkggf.com,ramnit
1,qvynphrwn.com,ramnit
1,gapobngwabnr.com,ramnit
1,udlhtkttrimfptoohnb.com,ramnit
1,cchralqxxyhgn.com,ramnit
1,khglyospmnigsve.com,ramnit
1,bhexgpcfwhj.com,ramnit
1,qkqjauvmolajmsp.com,ramnit
1,kqhsydorxxuhnstht.com,ramnit
1,jmynxntwnntmwf.com,ramnit
1,lfpqghhd.com,ramnit
1,ltqlotdprysr.com,ramnit
1,qvwycfditnvr.com,ramnit
1,xngyggio.com,ramnit
1,demfugqeurxr.com,ramnit
1,gyyevwjuganaqwpj.com,ramnit
1,rbhhymsjdiphsg.com,ramnit
1,thrayneqdd.com,ramnit
1,efcygwlsob.com,ramnit
1,llgyasgel.com,ramnit
1,lxprikkweckxcfbdem.com,ramnit
1,axlurtwrenofmt.com,ramnit
1,mlkicvnseylyxrc.com,ramnit
1,rthrjvftparjmcg.com,ramnit
1,cgtqtkbssw.com,ramnit
1,puvkpdjmca.com,ramnit
1,wbfohuksdjfauky.com,ramnit
1,xxtkvawiq.com,ramnit
1,hvisplaoqink.com,ramnit
1,cqbejxxx.com,ramnit
1,kxurcjjvxycs.com,ramnit
1,chawvyixy.com,ramnit
1,osvsjrtbglnwqs.com,ramnit
1,ajxxredhoeni.com,ramnit
1,cseeijoumglg.com,ramnit
1,gadsnvhqgltro.com,ramnit
1,llcrbwlhe.com,ramnit
1,kioyrhbqsope.com,ramnit
1,ddconqym.com,ramnit
1,dinqnsoer.com,ramnit
1,qrbywlpbb.com,ramnit
1,vwoscbguqydlta.com,ramnit
1,xfxtoisaru.com,ramnit
1,avcgxijkxorfsm.com,ramnit
1,icnmpowba.com,ramnit
1,pboyignpglyoyd.com,ramnit
1,pgbhwnxgbsfquig.com,ramnit
1,oqrmkwupmgqqoqmfssx.com,ramnit
1,rywqjfgeguyunagqw.com,ramnit
1,bgkprlsgnamba.com,ramnit
1,qokmvmwhtiabw.com,ramnit
1,fdroxannwirnoxiyc.com,ramnit
1,ersiiyyqwpfypxuo.com,ramnit
1,mvbjhjhwrwedrrm.com,ramnit
1,btvrwlcqeagap.com,ramnit
1,oiikbeciwmfohx.com,ramnit
1,btbtduytm.com,ramnit
1,mieffouacmn.com,ramnit
1,mglctvyyj.com,ramnit
1,kgvkyrrm.com,ramnit
1,uqkpgbngmbaqcn.com,ramnit
1,krltnckpe.com,ramnit
1,wnqacstmv.com,ramnit
1,thtikhpw.com,ramnit
1,yybluixrdxt.com,ramnit
1,fillsjcdtq.com,ramnit
1,shvjaypc.com,ramnit
1,sxmjsdxnisqslyemi.com,ramnit
1,sysmxoqyqpyeaer.com,ramnit
1,tyotqcvvxtglxys.com,ramnit
1,ixqbbsqegipghbxlonh.com,ramnit
1,rdnsjinboirwwd.com,ramnit
1,qejnmtmdfjrqkw.com,ramnit
1,eccqeiquc.com,ramnit
1,wthrfyvuclbn.com,ramnit
1,pyrktgwbjhhqtexjjw.com,ramnit
1,ipahweel.com,ramnit
1,qunqvdtmfi.com,ramnit
1,xbagbaqtfi.com,ramnit
1,tgdqxsbjwqawl.com,ramnit
1,vpnfelpufbedcdm.com,ramnit
1,fxuynern.com,ramnit
1,fyyhmpjggewnvsqvfyc.com,ramnit
1,ohlseottmipcmwfkl.com,ramnit
1,fgivcccnpv.com,ramnit
1,npaulhckojj.com,ramnit
1,dskuuqfo.com,ramnit
1,vbekhaaodxwstomx.com,ramnit
1,yahxcfulmoqxmt.com,ramnit
1,aesdygtbqrnn.com,ramnit
1,yiqlvlee.com,ramnit
1,tfjeiwsheeffbdfwab.com,ramnit
1,ohfkpcdmmcpctusjyx.com,ramnit
1,ajtyxvvy.com,ramnit
1,nljgnslaxvno.com,ramnit
1,lvdlpcyinnchqoffap.com,ramnit
1,byxrsajor.com,ramnit
1,fitujcfejqj.com,ramnit
1,gridpnfbiylelngbq.com,ramnit
1,ivuqyivfcrk.com,ramnit
1,lxjdeluv.com,ramnit
1,gjmlowkmn.com,ramnit
1,tiopmxfmk.com,ramnit
1,mwpimqfhh.com,ramnit
1,gibshkugufdiihfx.com,ramnit
1,hsdveimprfilbqbcom.com,ramnit
1,xuvtqrbkfbfpcec.com,ramnit
1,rblbghlffygudkiosb.com,ramnit
1,okuvxsyeycpqdxbqhd.com,ramnit
1,kdgjievgmreql.com,ramnit
1,mtulypfbkvx.com,ramnit
1,fnhcfmtrmx.com,ramnit
1,dxvpehhuw.com,ramnit
1,voomhasfmvqqpdved.com,ramnit
1,cedcxlehvhn.com,ramnit
1,qgpipohlfcpbbmj.com,ramnit
1,ywrilarwecru.com,ramnit
1,adeyttmewnnyc.com,ramnit
1,pkfjdmlmhryuldr.com,ramnit
1,bphlslkoby.com,ramnit
1,eqpmaxug.com,ramnit
1,jyuipgidyjntiuu.com,ramnit
1,tfkgofcwgwnarjjvjl.com,ramnit
1,rjkfrqncufvq.com,ramnit
1,raypscsapgorhkdus.com,ramnit
1,toraoxyvffqoijnh.com,ramnit
1,rcmxpbamaspestlth.com,ramnit
1,vwmupavgkhljblqb.com,ramnit
1,qxxgihxxuulofskbdf.com,ramnit
1,gltfjqcyhbwcunyu.com,ramnit
1,lmmbltraeiuqdmienwd.com,ramnit
1,pvpqckxmusbuejnh.com,ramnit
1,iwgjsealpjykbvxutth.com,ramnit
1,ybuhasomqq.com,ramnit
1,cqdanuemy.com,ramnit
1,nqcqbajhes.com,ramnit
1,hblwtijunxagqol.com,ramnit
1,edqmeinrmo.com,ramnit
1,bqnxbochjndmxn.com,ramnit
1,qfpuwrprurvjfsy.com,ramnit
1,rjpnlpywgne.com,ramnit
1,afjmbbuprf.com,ramnit
1,pblddmbdjadiubao.com,ramnit
1,rykqarnsxlvgooxto.com,ramnit
1,qtrojwliqs.com,ramnit
1,nsdyalehb.com,ramnit
1,lxsnpfdfeuaics.com,ramnit
1,biafuhpmrmatm.com,ramnit
1,gcumycpstewctcvj.com,ramnit
1,lyrrnvlsyulphm.com,ramnit
1,xhxopltsfpoenrvsc.com,ramnit
1,ybpuhnccrpqies.com,ramnit
1,xgjdlshqkxbeehl.com,ramnit
1,iygqmudecjvvn.com,ramnit
1,ggybwmha.com,ramnit
1,ltalnift.com,ramnit
1,ekpqpxaddhmjmyvsvpu.com,ramnit
1,rqvdmwmxtrjl.com,ramnit
1,tojyrpdd.com,ramnit
1,jiaucsvhvby.com,ramnit
1,lkdmoayq.com,ramnit
1,kykgvfwbdpmspqmxs.com,ramnit
1,brfltkccxxr.com,ramnit
1,wilxrrbu.com,ramnit
1,cisjytfsyjkk.com,ramnit
1,lpcoljeew.com,ramnit
1,ovvsyfhbvvnmraky.com,ramnit
1,rxmprumeoq.com,ramnit
1,dxrykchjxr.com,ramnit
1,hplxigcijc.com,ramnit
1,wugtbnyrdtssu.com,ramnit
1,xlojkpfee.com,ramnit
1,othqnsrhikhur.com,ramnit
1,skoiqyeayny.com,ramnit
1,fxnjoidixkbc.com,ramnit
1,gtvkbonhrxiayaxco.com,ramnit
1,cplvkudnt.com,ramnit
1,jbmjginqofgg.com,ramnit
1,vkmvkneevhtywi.com,ramnit
1,tlclifmvjoliw.com,ramnit
1,bvmpeuihjdov.com,ramnit
1,lrhrkweu.com,ramnit
1,cqtbfpdeitwchh.com,ramnit
1,geoctaplukbptrwptau.com,ramnit
1,huwkouxpqbfii.com,ramnit
1,beohjrxeplnrhxdcjt.com,ramnit
1,avvhxdbt.com,ramnit
1,xwsyfvgtw.com,ramnit
1,hmnqlkmhcoacqaytk.com,ramnit
1,wtlddyclykrp.com,ramnit
1,ghbbkpjkirijaetnhv.com,ramnit
1,kgewisjkudxod.com,ramnit
1,vyirjafw.com,ramnit
1,oqutgafds.com,ramnit
1,bwpfmfwbhbxqsxl.com,ramnit
1,gjqnddmqxpnws.com,ramnit
1,xwmfkkgkemevocxvw.com,ramnit
1,pugnrelwnaqpfxgrrmh.com,ramnit
1,ugumdqousmg.com,ramnit
1,gvchdmiohufd.com,ramnit
1,vxklxgnpkdvkutiwtqb.com,ramnit
1,qotrvfialebtrmu.com,ramnit
1,uctufvwhkenhgmdt.com,ramnit
1,hhflroahggh.com,ramnit
1,xgcbgsypsiehoc.com,ramnit
1,onvfnsqt.com,ramnit
1,epfidwktybal.com,ramnit
1,qnhbcxhakoexcdx.com,ramnit
1,uyenytyc.com,ramnit
1,wdptesablcye.com,ramnit
1,hemuwvjthcf.com,ramnit
1,rxjgxabcw.com,ramnit
1,qahfyiasnlo.com,ramnit
1,naephlgajgnotctkmqv.com,ramnit
1,uctfqusiptyh.com,ramnit
1,vyidnixsgnvsy.com,ramnit
1,qaubgusydurb.com,ramnit
1,yaibametkyu.com,ramnit
1,pwdwouwavaitlse.com,ramnit
1,fhscbcovlm.com,ramnit
1,nxtevwoe.com,ramnit
1,rkapaxwbodhves.com,ramnit
1,wwfepsjgefmimvcpyi.com,ramnit
1,eorkmylp.com,ramnit
1,fdhborsntjyems.com,ramnit
1,stlmipud.com,ramnit
1,icvbimjsq.com,ramnit
1,irlwxuxghrkupaqmv.com,ramnit
1,imljqrslypeulxgrm.com,ramnit
1,slesaftjvsnqlk.com,ramnit
1,yxsnhefektxpxc.com,ramnit
1,jtbfsqclvcfvhngilc.com,ramnit
1,qeymxowmafqmehtvodb.com,ramnit
1,ctubxvvhsacfccmv.com,ramnit
1,kjuxbjlgtgifegg.com,ramnit
1,synnemiaajbpxjtpt.com,ramnit
1,qmxcuqkbxec.com,ramnit
1,mweyrxwdsnel.com,ramnit
1,bpicdolcjuxupt.com,ramnit
1,yruvhmob.com,ramnit
1,uyerxvbxgraejxkij.com,ramnit
1,hnveqnixjwhrd.com,ramnit
1,ckoyypcgjolyx.com,ramnit
1,yikdrkdr.com,ramnit
1,winykirylwyl.com,ramnit
1,cxboxioxtgkryihayx.com,ramnit
1,smskitgwrm.com,ramnit
1,uorvridueecivudn.com,ramnit
1,gadvkkilfbpxgpxyj.com,ramnit
1,xgppcdnhblhmacmubx.com,ramnit
1,udtqpvkggmjkupg.com,ramnit
1,afktqvxdiyje.com,ramnit
1,svpkcqnsdsuvwgvx.com,ramnit
1,udpdsbpyotodwhle.com,ramnit
1,egotpqmqefjbdxcb.com,ramnit
1,ghlbgvvrauipj.com,ramnit
1,vcgrntsojb.com,ramnit
1,bcslvvojkr.com,ramnit
1,stceukipycamlt.com,ramnit
1,paynppwsnow.com,ramnit
1,eaesxexej.com,ramnit
1,pfcjppftsopwp.com,ramnit
1,xacgfnuvyhk.com,ramnit
1,iojswocyitij.com,ramnit
1,oetotpcsuve.com,ramnit
1,qsaikxtkxsxcwynt.com,ramnit
1,xrnuafehcjsoij.com,ramnit
1,jseglipxwv.com,ramnit
1,vypulonpedlgd.com,ramnit
1,andfsrnpoapdg.com,ramnit
1,jxkbeufiil.com,ramnit
1,vbomfqotp.com,ramnit
1,drlhbrcanbwe.com,ramnit
1,xvvgcrorwquqlnf.com,ramnit
1,ikgawswhoqlohyjfv.com,ramnit
1,ipsmaajexrnxvwphk.com,ramnit
1,elirjytt.com,ramnit
1,oloxuykfqvxwtjveu.com,ramnit
1,ikjjolgmvuo.com,ramnit
1,yyhnaqootbdmvhjps.com,ramnit
1,oqtfaldhdwotpmif.com,ramnit
1,wddejcrvqxtxbbimgek.com,ramnit
1,htevdpfcrptarfbrhi.com,ramnit
1,bnvkphipjandekfkcce.com,ramnit
1,luagrxadtmcwr.com,ramnit
1,sjvhqcoommf.com,ramnit
1,yvidndicdpnugemm.com,ramnit
1,qisgcxfyulg.com,ramnit
1,cvwwlbtbds.com,ramnit
1,ukpbhhncsdpgo.com,ramnit
1,fqgekqfxnf.com,ramnit
1,yhoyokxiaqfxwgy.com,ramnit
1,kjjlromhxyr.com,ramnit
1,racynhlv.com,ramnit
1,stytjsdulh.com,ramnit
1,gyuqvstblcvfknnjvb.com,ramnit
1,npasyckh.com,ramnit
1,yaoyqmsrlnjpvwyxda.com,ramnit
1,skmbajksgrhnyeo.com,ramnit
1,fbgoagewrgwwrwrabne.com,ramnit
1,oyfxbfmenplw.com,ramnit
1,mgysokdukqsqpr.com,ramnit
1,jdtknnwy.com,ramnit
1,scqeqaskewedqsb.com,ramnit
1,hsdlunyuiti.com,ramnit
1,lgvronjdfgfhcgag.com,ramnit
1,gopqdevsxntblhwjsp.com,ramnit
1,tbelwcdtaxaykijqg.com,ramnit
1,ikodxckspaurleqj.com,ramnit
1,dmdwtoiadrumo.com,ramnit
1,ntjhnjkffuhbu.com,ramnit
1,pisvibahefdibn.com,ramnit
1,dglelkihydrustdhxu.com,ramnit
1,vixncfpefqdeindh.com,ramnit
1,nfigolfdeyu.com,ramnit
1,ntvoqriwhfpgqtiju.com,ramnit
1,qgsqphhtgqmby.com,ramnit
1,qtahpigpw.com,ramnit
1,qilonwwtbvq.com,ramnit
1,drpqdrbvshcsaosysvw.com,ramnit
1,cojrwaquxmgnxuspoq.com,ramnit
1,smexqwrsmwjgeet.com,ramnit
1,aylhgaujsu.com,ramnit
1,jrjnulghtvepukwg.com,ramnit
1,mdcnsniwpodggcpjb.com,ramnit
1,glloigntefkyxuv.com,ramnit
1,jhhyicewoi.com,ramnit
1,qxonwostio.com,ramnit
1,lecggnurgd.com,ramnit
1,yqqkknibo.com,ramnit
1,kojjngqxekjq.com,ramnit
1,juddtfthreotsqgkpfu.com,ramnit
1,deqabpadpos.com,ramnit
1,iyerbumdqrrcdkrfswv.com,ramnit
1,mehsgykui.com,ramnit
1,fbftiglkpiqrpkt.com,ramnit
